1000 poke52,208:poke56,208:poke54,207
4000 fori=0to479:readk:poke3072+i,k:next
4010 forx=0to6:fori=0to21:readk:poke3561+x*40+i,k*32:next:next
4020 char,6,22,"use a stone to get an adder"
4030 char,2,23,"press n to go hunting in another area"
4030 char,4,24,"by litwr, (c) 1987, 2022 gnu gpl"
4040 getk$:ifk$<>""then4100
4050 poke65301,(peek(65301)+1)and255:poke65305,(peek(65305)+1)and255:goto4040
4100 poke65301,241:poke65305,238
7000 fori=0to22:readk:poke2048+i,k:next:sys2048
7020 fori=0to63:readk:poke53248+i,k:next:vol5
10000 poke65298,192:color1,10,3:scnclr:color0,11,4:poke65286,11
10010 n1=340:n2=0:cz=230:cx=32
10020 x0=20:y0=12:cn=0:c0=cb:x1=0:y1=0:c1=6
12000 fori=1ton1
12010 gosub20000:y=int(rb/25):y=rb-y*25:gosub20000:x=int(rb/40):x=rb-x*40
12020 ifpeek(3072+x+40*y)=czorx=x0andy=y0then12010
12030 ifx=x1andy=y1then12010
12040 poke3072+x+40*y,cz
12050 next:poke65286,27
12100 ifc0=0thenc0=c0+cn*5
12110 poke3072+x0+40*y0,c0:poke2048+x0+40*y0,47:c0=0:cn=(cn+1)and1
12120 c1=c1+cn:poke3072+x1+40*y1,c1:poke2048+x1+40*y1,109:c1=6
12200 getk$:ifk$=""then13000
12210 k=asc(k$):x=x0:y=y0:xn=x:yn=y
12215 ifk=78then10000
12310 ifk=145thenc0=c0+1:ify0>0theny=y0-1:yn=y-1
12320 ifk=17thenc0=c0+2:ify0<24theny=y0+1:yn=y+1
12330 ifk=157thenc0=c0+3:ifx0>0thenx=x0-1:xn=x-1
12340 ifk=29thenc0=c0+4:ifx0<39thenx=x0+1:xn=x+1
12350 ifpeek(3072+x+40*y)=cxthen12600
12360 ifx1=xandy1=ythen16000
12370 ifxn<0orxn>39oryn<0oryn>24then13000
12380 ifpeek(3072+xn+40*yn)=czthen13000
12390 ifx1=xnandy1=ynthen16000
12400 ifx=x0andy=y0then12600
12410 sound3,900,5:poke3072+x+40*y,cx:poke3072+xn+40*yn,cz
12600 ifx0<>xory0<>ythensound1,100,5:poke2048+x0+40*y0,57:poke3072+x0+40*y0,cx:x0=x:y0=y
13000 ifabs(x0-x1)+abs(y0-y1)<2then17000
13010 gosub20000:y=int(rb/3):y=rb-y*3:gosub20000:x=int(rb/3):x=rb-x*3
13020 x=x1+x-1:y=y1+y-1
13030 ifx<0ory<0orx>39ory>24then12100
13040 ifpeek(3072+x+40*y)=czthen12100
13050 poke3072+x1+40*y1,cx:poke2048+x1+40*y1,57:x1=x:y1=y
14000 goto12100
16000 sound3,980,10:ta=ta+1:scnclr:poke65298,196
16010 print"you have got";ta;"adder(s)":print"continue the hunt!"
16020 ra=ti
16030 ifra+120>tigoto16030
16040 getk$:ifk$<>""then16040
16050 getkeyk$:goto10000
17000 sound1,800,20:sound2,880,20:poke65298,196:scnclr
17010 print"the adder has bitten you!":print"your score =";ta:end
20000 ra=peek(65310)/2:rb=(ra*ra+peek(65309)+rb)and32767:return
25000 data32,32,98,160,160,98,32,32,32,160,160,226,160,98,32,32
25010 data32,160,160,226,160,98,32,32,32,160,160,226,226,226,226,32
25020 data32,160,160,226,226,160,98,32,32,160,160,98,98,160,160,32
25030 data32,160,160,32,32,160,160,32,32,160,160,32,32,160,160,32
25040 data32,160,160,98,98,32,32,32,32,160,160,98,98,160,226,32
25050 data32,160,160,32,32,160,160,32,32,160,160,32,98,160,226,32
25060 data32,160,160,32,98,160,226,32,32,160,160,32,32,32,32,32
25070 data32,160,160,226,160,98,32,32,32,226,226,32,32,226,226,32
25080 data32,226,226,226,226,32,32,32,32,226,226,226,226,32,32,32
25090 data32,226,226,226,226,226,226,32,32,226,226,32,32,226,226,32
25100 data225,97,225,97,225,97,225,97,225,252,225,97,124,251,236,126
25110 data32,251,236,32,225,252,225,97,108,236,251,123,32,32,32,32
25120 data32,251,236,32,225,252,225,97,225,252,254,97,225,97,225,97
25130 data225,160,160,97,32,225,97,32,32,225,97,32,225,160,160,97
25140 data225,97,98,123,32,32,32,32,32,225,97,32,225,160,160,97
25150 data225,97,225,97,225,97,225,97,225,97,251,97,32,225,97,32
25160 data32,225,97,32,225,97,251,97,225,97,225,97,32,32,32,32
25170 data32,225,97,32,225,97,251,97,124,126,124,126,32,226,226,32
25180 data124,126,124,126,32,124,126,32,32,226,226,32,124,126,124,126
25190 data32,226,226,32,32,32,32,32,32,226,226,32,124,126,124,126
25200 data32,32,124,251,236,126,225,97,225,97,225,236,226,126,32,32
25210 data32,32,108,236,251,123,124,251,236,126,108,236,251,123,225,252
25220 data225,97,225,236,226,126,32,32
25230 data32,32,32,225,97,32,225,252,254,97,225,252,123,32,32,32
25240 data32,32,124,252,98,32,32,225,97,32,225,97,225,97,225,160
25250 data160,97,225,252,123,32,32,32
25260 data32,32,32,225,97,32,225,97,225,97,225,97,32,32,32,32
25270 data32,32,108,123,225,97,32,225,97,32,225,97,225,97,225,97
25280 data251,97,225,97,32,32,32,32
25290 data32,32,32,124,126,32,124,126,124,126,124,226,226,126,32,32
25300 data32,32,32,226,226,32,32,124,126,32,32,226,226,32,124,126
25310 data124,126,124,226,226,126,32,32
25320 data1,1,5,5,1,1,1,1,1,5,5,5,5,1,1,1,5,5,5,5,5,5
25330 data1,5,5,5,5,1,1,1,5,5,1,1,5,5,1,1,5,5,1,1,1,1
25340 data5,5,1,1,5,5,1,1,5,5,1,1,1,1,1,1,5,5,1,1,1,1
25350 data5,5,5,5,5,5,1,1,5,5,1,5,5,5,1,1,5,5,5,5,1,1
25360 data5,5,1,1,5,5,1,1,5,5,1,1,5,5,1,1,5,5,1,1,1,1
25370 data5,5,1,1,5,5,1,1,5,5,1,1,5,5,1,1,5,5,1,1,1,1
25380 data5,5,1,1,5,5,1,1,1,5,5,5,5,1,1,1,5,5,5,5,5,5 
30000 data 162,7,160,0,169,208,133,209
30010 data 134,208,177,208,145,208,200,208
30020 data 249,230,209,202,208,244,96
40000 data 24,24,60,90,89,36,36,108
40010 data 90,90,60,24,24,36,36,36
40020 data 0,0,0,60,60,90,90,90
40030 data 24,8,248,248,12,52,36,108
40040 data 24,16,31,31,48,44,36,54
40050 data 24,24,60,90,154,36,36,54
40060 data 0,0,0,96,147,12,0,0
40070 data 0,0,12,147,96,0,0,0
